1514
3697
6707
9552
2413
7388
3778
4516
5595
7003
6532
4483
2767
2760
3635
1963
6961
6645
9519
4385
4478
7342
2267
2160
9064
6963
4480
9684
3097
4927
2175
4384
7211
4523
6965
8111
5032
7951
9001
4180
3141
7550
9007
4503
9041
3769
4021
3088
9143
3391
6966
7205
1893
2127
6871
6028
9008
5301
4967
2433
3923
4194
9843
2593
7747
6254
4062
2379
9009
9048
4911
3774
6473
7956
3349
4005
6890
6869
9042
3116
6752
4528
3498
4689
7735
4061
3994
6526
6104
4519
8698
3397
6460
4527
9706
3132
6367
2222
4507
2146
2501
6856
4666
7201
2181
9432
4922
7518
7261
4661
7276
1803
6622
4813
3626
6971
2002
7180
5741
4704
7282
9602
5838
5076
6269
9006
8410
9989
8304
9501
9201
2897
6315
6383
4912
6481
1518
9735
8227
3038
3291
4684
7203
4205
6268
2784
4612
3563
7731
6902
5726
6920
8830
2695
1721
6005
6266
2432
4751
7419
9401
6471
4902
6845
6201
2875
9147
4733
6954
2579
1959
8952
9509
9020
4188
9616
9962
8897
1812
9022
4403
6590
9433
5938
1419
9202
9603
9166
7988
5991
5332
8802
6988
6305
9983
4324
3288
4732
2212
5713
4768
5110
8058
6273
4443
6465
7182
8697
8524
1951
2811
6417
4502
9531
5444
2871
2229
1332
4046
6594
7832
9861
8035
6592
6432
6952
5101
8252
8015
9504
5411
7701
6753
6103
6361
2282
3401
6326
9024
3407
8801
3289
8174
2206
7267
1808
3491
141A
6504
1925
6503
8056
7163
9404
6302
5401
8341
4543
6506
2201
9021
7189
3402
8113
6758
9697
3231
5105
9005
6724
9468
9502
8418
5711
7259
1942
1662
9831
5334
5831
4208
8354
2670
4088
4755
3659
6976
7459
8308
4063
8334
9744
6967
8331
7649
5844
3003
7014
9072
7186
4676
2768
2801
2702
1605
8377
8136
9613
3382
7278
8078
6324
5901
4004
9107
5201
4183
3197
3543
9508
3436
9104
5714
6141
9987
6951
5631
8750
8359
3110
8053
8795
6113
8031
6861
7270
6323
3064
5406
2802
7532
9505
1801
8725
9101
7337
4151
1980
8848
5232
8601
2264
8306
5830
1802
3360
4182
7167
8604
1878
9506
6407
4091
6806
2269
6525
4540
4186
4307
1911
4578
4043
7202
2503
4202
5832
8411
9513
7013
5214
8804
2371
4568
2502
6702
3226
9507
6472
8267
7741
7762
5706
6736
4716
6586
5108
8963
4042
1928
3861
6448
8593
9142
4680
7974
4587
6841
7012
6178
8309
8630
6923
5333
7309
7729
8316
8020
6301
7751
9749
6098
9766
6770
7269
4894
9503
6849
6406
3405
5805
8473
9434
4204
6479
4631
6728
3099
4536
8766
1969
6368
1326
4452
3092
5947
8242
5021
9301
4613
8088
2331
9533
6508
8591
7936
6674
7181
2809
7451
8155
9532
5344
5929
5802
6370
5393
8002
5889
6638
8253
7752
4107
9435
5803
2587
7272
2914
4901
5801
8279
1663
4203
3086
6762
7911
5019
9984
6723
7011
6787
6501
8233
2607
6981
7453
1944
5233
6146
7733
1766
6810
7912
6101
8001
3591
9719
4726
2651
6701
7721
7867
5842
8050
8905
4980
5020
7220
6016
4348
7744
